-0.47292864 0.34139773
-0.87926501 0.049817512
-0.16658337 -0.95143932
-0.28465668 -0.067289626
0.067094817 -1.6851135
-0.13488558 0.67675929
-0.22051022 0.25613713
0.97199895 0.66441413
0.075355763 1.1749364
-0.53062079 -0.66159013
-1.1289269 -0.45175503
0.88639043 -0.098093854
0.60803104 0.68643223
-2.5354308 1.0646352
0.059678521 0.39200813
-0.39447293 -0.054756057
0.2704372 1.150292
0.54420729 -0.4025105
-0.7770697 1.4285245
-0.37263404 -1.1819732
-1.830223 -0.23536182
0.16894839 -0.40142513
-0.63602158 -2.3091426
1.1790484 -0.75418091
0.5007737 -0.13963629
-1.1736043 -0.46245125
-1.2459142 0.76626581
0.63228222 -0.52769083
-1.7518378 0.63995518
0.044489826 -0.41723398
-0.77076422 -1.0994773
2.2329321 1.1220203
-0.095542712 0.39582093
1.1384664 -1.0140503
-0.64776931 0.25856411
-0.65445388 -0.034664046
-0.58156017 -0.39924971
0.27963857 -0.60924933
-1.9454401 0.50938958
-1.3304448 1.0238172
0.7643693 -0.35047406
-1.0926667 1.414044
-0.2109472 0.32147352
-0.27009476 1.0205283
0.51315159 -0.52758802
-1.0419241 0.54449722
0.69105387 -1.8048299
-1.1225645 2.1951279
-1.3887508 -0.20795982
-0.084383644 0.71455475
-0.53291274 1.2535168
-1.0174787 0.77350086
0.25013128 -1.1192506
-0.53344679 -0.27183872
1.015862 -0.2888764
-0.23054203 0.38438622
0.59879462 0.15519031
1.8640718 0.080438656
-1.9176322 1.9574058
-1.2155179 1.9597928
1.2919598 2.2432896
-1.1788285 1.1384313
-0.068647904 -0.88883585
0.23606216 -1.7492062
0.84283786 -0.76066167
-1.6117581 0.70754295
-0.27171452 -0.064903396
-0.79584186 -0.079060176
0.30866825 -0.16397807
-0.15605776 1.2717169
0.423612 1.0257523
0.76798494 -0.11764188
0.075050078 0.52207651
-0.78881947 1.5545111
1.1571914 -0.22015636
-1.6681837 -2.8639112
0.42652329 1.0665008
0.44597626 -3.0461438
0.3977803 0.18565227
0.0045383499 -0.083254304
-0.35079311 -0.31179145
-0.049862583 -0.6736594
-0.80990353 0.60334576
0.075383064 1.2768801
0.83819852 0.55912269
-0.74838466 0.43436726
1.1823376 -0.14930224
-0.35416646 0.99199147
-1.7465801 0.57726129
-0.25129363 -2.1403332
1.4729112 0.35214545
2.2373865 0.48583235
-0.25938502 -0.48766077
1.1915434 -0.060941585
-0.87831258 -0.66561292
0.05858747 -0.14222528
-0.90551736 -0.15115329
0.88167887 0.31871987
0.51909666 -1.1187774
2.5498809 0.48334518
0.83892608 0.50898959
0.33505755 -0.85486883
-0.45426737 0.035740264
-0.21943797 -0.3562854
0.15528529 0.84904637
-0.90485813 0.13543768
-1.0210342 0.75992798
-0.43594275 -1.4784159
1.3382142 0.21983185
1.0696135 -1.2053898
0.87370554 0.20809164
0.046489168 -0.67903892
0.80813272 0.63645863
1.3915707 -0.80828265
0.38678034 0.08115192
0.39834182 0.14693227
2.298099 -0.22901103
0.72099768 1.6788179
-0.82853652 1.2380889
-0.068054157 -0.6626861
0.055691406 -1.9932225
0.059356178 -2.2384588
0.34112306 -0.860818
-1.630739 -2.1271784
0.55452954 -0.24569481
-0.20471627 0.650783
-0.17534128 1.482731
-0.32663065 0.56895767
-0.27056183 -0.67228796
0.20815258 -1.3766591
-1.2931632 1.2204796
-0.13144874 -0.17146862
-0.79251799 2.8104662
0.75067658 -0.06460862
-0.21657526 -0.57151829
0.33068351 -0.53769901
0.080403915 1.4388266
-0.21559393 -0.69001223
0.64144418 0.31871507
1.1300813 2.3360246
-1.3149389 0.59898575
0.32324341 0.24150855
-0.79021596 1.1982187
-0.33299873 0.91092002
0.32387883 -0.163712
1.6112567 0.44535193
0.31755026 -0.2257468
-2.0021576 -0.078784938
2.3760168 -0.81867283
0.067711741 -0.14268709
-0.32961813 -0.21080901
0.65750453 0.80890372
1.558747 -0.18908101
-0.031175547 -0.046339345
1.4043946 1.3823912
0.35443037 0.96985261
-1.0381016 -1.0621818
-0.34124743 2.4016203
-0.083776318 1.6470749
0.87046284 -1.0390176
0.65768418 0.19834907
-0.26879855 0.44817049
0.080134503 0.087633823
-0.053314884 0.39864481
0.021259671 -0.67576571
-0.2338969 0.49258675
0.62693225 -0.039756961
1.1917613 0.72136707
-0.331187 0.94890604
0.80113828 0.37707593
-1.5757217 0.16785768
1.0393965 1.5415572
0.21600414 0.29956252
-0.91794792 0.15099436
0.88294046 -0.084510214
-1.2826331 1.4912214
-0.38074023 -0.51971531
0.53310724 0.31552856
0.0028834272 1.2858334
1.5922749 -1.475775
-0.68398187 -0.99716793
0.065390625 0.51944082
-1.0855769 0.63561926
-1.8797648 0.10197048
0.45728529 0.55200784
-0.67505534 -1.5422647
-1.6486021 -0.42403028
0.094868157 -0.99615119
0.94033766 -0.71256627
-0.46409423 -1.6748889
2.2134638 0.26213149
-0.1528781 -0.2983102
0.81509201 0.64313768
0.19311695 -1.726612
1.7838019 -0.89513205
-0.22047369 0.80230166
0.16793806 0.43824956
0.80800538 -1.2512867
1.3966903 0.75031422
-0.6699574 2.6246284
-0.93815851 0.83421088
0.59602572 0.85704643
0.15268814 -0.27539691
-1.4497144 1.9820194
-1.7357946 -0.79537239
-0.21109906 1.7760088
1.1858555 0.35684457
0.19528506 1.0890328
0.24067307 -1.2516023
0.60308311 0.14206406
0.60009146 -0.75804321
0.78048998 0.052248877
-1.2305022 -0.33549066
-0.73325914 1.4758023
0.22253173 0.61841653
0.58442257 2.6338745
-0.83390007 1.2480886
-0.54649375 0.33046757
-0.73549988 0.10027218
-1.22496 -2.1004993
-1.0862225 1.1459351
1.3798059 -0.14586822
-0.074198307 -0.14831502
0.32072891 0.28349731
0.30996775 0.009811777
-0.90565826 0.65521215
0.7355573 -2.7658995
-0.65090548 -0.91896776
0.80515666 -0.39885322
0.59493661 1.2393638
0.24566422 0.49210662
0.091882363 2.0563253
1.8978061 -1.529766
0.6693822 0.39652659
0.32493526 -0.33909676
-0.43850588 -2.2863667
0.47324391 0.30657083
-0.22610862 1.5573989
-2.2845014 -0.65948229
-0.62589616 0.12509645
0.16739474 -0.43125037
-0.020529446 0.75834138
-1.0087571 2.0325187
-0.073658956 -1.5038768
0.61438689 0.6782345
0.62724039 -0.65279431
0.10279401 1.3187283
0.75299855 2.0260298
-0.81235155 -0.28193765
0.95189791 -2.3599288
-1.1831776 -0.68224793
1.0936645 1.8487391
0.0638705 -0.32842702
-0.88902377 0.11194937
1.7855205 -0.20971908
0.057172934 0.2896469
0.98468534 -1.0510731
-1.5743571 0.50989048
-0.67374751 0.77384589
1.115059 -1.0948906
0.48909886 0.0017920848
2.1402182 -0.23959929
0.27653531 -0.59173081
-0.96431781 2.3150304
-0.87469292 -0.22511773
1.2635946 -0.70328101
-1.4950961 0.76183294
0.59321093 -0.73878169
-0.89123139 -1.0838837
-0.6278167 0.96632116
-0.4166767 1.2635282
-0.10779034 0.36698665
0.047963138 -0.22486838
-2.1319272 -0.26766741
0.76951599 -0.69031228
0.04534919 0.44647053
-0.5121128 0.74286531
-0.82134135 1.2645043
-0.16572836 -2.1291389
0.74647371 -2.0451885
-0.96944211 -0.61704391
1.3503181 0.18888368
-0.80404108 -1.1256197
-1.0466116 -0.49620644
-0.11241378 0.82560487
-0.35043858 0.34611821
0.37773147 -0.6328973
-2.7933352 -0.47191586
-0.69454262 0.36563604
-0.4589346 2.4809262
-0.35467225 1.083205
0.11121482 0.87921649
0.11600709 0.32200811
-0.90552476 -0.93260824
-1.449237 -1.0902494
1.2046149 -1.5518984
0.70892072 -1.267499
0.13424835 0.96660379
0.17504016 -0.041368152
-0.31802168 0.29910985
4.0559795 1.6288739
2.6084808 3.0679202
2.4508583 4.0787254
3.0431226 3.2935932
2.5558508 3.5618919
4.1745633 4.1796277
2.122475 2.6119392
3.63272 2.8301624
1.0044868 2.8199967
2.6962165 3.010271
4.6165074 2.8775641
2.5327225 3.0833298
2.7913884 4.1812988
2.5980375 1.7542825
1.6124237 2.2170431
3.7188919 2.4259798
2.8445078 2.6185254
2.561553 2.1649588
4.7786287 1.5590498
1.2364294 2.8263234
4.0075181 2.488481
4.6758335 3.0267788
2.8404757 2.5523504
2.1238064 3.29659
4.7009973 2.1336094
2.0458575 1.7904268
3.2473945 2.9891152
2.0232551 4.194953
4.8334209 2.0260464
3.1860144 2.9244075
3.5878619 3.8003295
2.7044885 2.680628
4.7070384 3.8674372
3.4413136 2.8271462
3.0442617 4.4030261
3.1207779 0.79207049
2.4732881 1.6587158
3.2679554 2.7091124
2.672757 3.4877743
3.1479099 3.9780565
6.3343691 4.0360705
2.4751071 4.2682089
2.2559939 4.3547488
3.90785 3.8229558
2.4937692 3.3245626
2.6403847 2.1996635
0.48506282 3.7213529
3.6432499 3.7123535
1.6801956 1.3457204
3.4338098 2.9449369
3.5957973 3.3440073
3.7543844 3.4334304
2.7639113 1.9232144
2.0641651 2.5384087
3.4716132 3.5799819
4.1362622 3.2852649
1.7716745 2.7341576
1.2024743 2.8738918
1.8928968 3.0029163
2.2593084 1.1765477
4.6253653 3.3566131
0.13533183 4.3261544
2.772217 0.94312386
2.6779522 3.0969516
2.4248084 2.9920285
2.2485299 3.7564324
1.9956721 2.4298173
4.2810059 2.7362911
3.4438438 3.4108571
2.1816903 2.9430937
2.3155189 4.109976
2.3121248 4.338354
3.7238941 2.6026308
2.9285846 3.4846099
3.2360737 2.5020172
2.3626622 4.2499346
2.046959 1.1705548
4.1569823 2.3097254
2.7848673 6.0448289
4.022679 3.5957289
3.4432173 3.8149342
2.2114254 3.9109324
4.3099287 2.7368053
3.1673382 2.6266624
3.7464628 3.253229
2.1217078 3.3322291
2.8598119 2.8863138
3.32536 1.0705612
3.1881023 3.9590423
2.9124095 2.4248374
2.0634105 3.9528838
3.8066707 2.9672963
2.3365011 2.9835851
2.3445042 2.4322933
2.633141 1.408777
3.8816418 2.5879738
3.7391565 3.9266375
2.4597545 1.1864362
3.1539586 3.8078392
2.5132661 3.1649549
1.9285846 2.4921556
2.6854741 3.5887813
3.8845665 2.2708128
3.2178239 2.0895907
3.0312525 2.7839182
4.8041274 3.4696135
1.6658379 3.1981475
2.4271899 3.3956249
2.1614493 4.7358685
1.6052038 4.1611238
4.2591636 4.9158471
4.4305491 5.6335477
2.5722084 1.3345006
1.1892293 2.3010598
4.4454955 2.9740448
2.2152616 4.49169
4.0887044 3.8133714
4.1283335 4.5883931
2.994204 3.5359053
1.19142 2.2649874
3.0720907 2.6326149
3.5218184 2.7696691
4.8383613 2.4669407
2.7242325 2.6965527
2.9433558 2.9634296
3.8523981 1.9593631
3.0096372 4.052966
3.68332 3.3807989
4.5293335 2.7146182
3.0739506 2.642252
4.1463674 2.7659303
3.3392294 3.1938857
2.8322952 3.6978728
3.5484981 2.9526446
2.5105997 2.6475657
3.9359222 2.3629243
2.8515603 2.4871419
3.5045289 3.5353637
0.90522388 4.1160245
3.8435723 4.2275373
2.0164594 2.3443273
2.078414 1.5286156
3.2845304 4.3149371
4.2521784 3.0356138
4.1652795 4.2189701
2.9483835 3.7092472
4.2074874 4.0875205
5.2369638 3.2909227
2.3078828 2.3941937
2.8044285 -0.57517825
1.8491642 2.3544641
2.5067138 2.906866
2.1453822 1.6231954
1.9932407 2.4186377
4.5974774 2.4555154
4.0553596 3.4463615
2.000794 2.9189596
2.9197627 5.2152008
4.4261741 3.8237335
3.3350313 2.3730904
4.3568658 2.325797
1.3821401 3.5765187
3.3933126 3.0576624
3.583165 3.7404203
2.2334752 3.7097332
4.5808845 2.1483037
3.4937219 3.4179241
0.79848702 3.6004383
1.5893683 1.8263996
4.2363412 2.9204319
3.0319764 2.9066853
4.2121355 0.034522529
2.8986453 2.4248478
3.4489363 3.9441343
1.6046098 1.2674622
2.4536867 2.9645768
2.6677424 2.6987753
4.1336583 2.4573022
2.5355582 1.3858612
3.1168636 3.2199613
3.0138218 3.6206489
2.3507403 4.0674487
4.1497186 2.6439204
4.4072689 3.8203469
3.2957747 3.5007559
3.5761044 2.7553274
3.7221836 3.8702309
1.727906 3.6439128
4.2510123 2.825451
1.0165426 0.63408932
1.9938189 4.6358574
2.4161795 3.9355743
3.3946363 3.7103155
3.3302553 2.5191812
2.4143356 2.5446172
1.6743427 4.0294469
3.5631385 4.4446151
2.3578021 3.1260976
3.6082189 3.9832898
3.5166303 4.5179506
4.2487883 4.0010617
1.9055643 3.8180621
2.2260624 1.3849502
3.3645868 4.3772477
1.8827169 2.3001905
2.3305093 3.1193261
2.9149966 2.6494492
2.7096394 2.9143491
3.7624995 1.310382
2.2958191 2.0639242
3.5085804 2.9156231
2.402654 3.7798602
2.0335532 4.1990309
4.6608588 2.1506488
2.9048529 3.1610149
2.8383094 4.0570562
2.3799391 2.9019752
2.5930425 3.6935788
4.0520489 1.9956656
2.2791108 2.4477599
2.102175 4.1693347
2.5932528 1.0516669
1.4117486 2.5984007
3.3124192 3.0639587
2.3336485 1.013191
5.2385404 3.9956192
3.8160567 3.2260851
1.9705331 3.8851607
5.005009 2.7482653
3.0208765 3.929626
2.3573466 3.0119947
2.2448897 1.9624697
3.1299697 2.110462
2.9280381 3.8779859
3.8909127 3.650169
3.0797183 3.1071571
3.1403067 2.9828333
1.7656849 2.8127547
2.1874516 2.365824
2.552726 4.391424
4.6376096 3.6838045
1.2266737 1.6228946
1.9590611 1.424574
2.5907046 3.9311456
2.7440252 3.0602697
2.6326777 2.6324821
1.6324743 3.5295549
5.4967355 1.1200744
4.0316266 2.7838315
1.0205557 3.6240957
2.8852042 0.92098017
4.803862 3.1289078
3.5140578 2.8524832
3.3579943 1.6574117
3.5395611 1.7222483
2.8798211 4.7972935
2.0348109 1.9356831
3.7681774 3.679497
5.335246 3.7258054
1.5584131 4.5446842
3.3031384 2.1369037
3.582622 2.1694827
4.0046122 1.0311885
3.109073 1.7220556
3.6943899 2.4995738
5.1104537 3.3832007
3.1428127 3.5447234
1.6035588 2.4232787
1.2758424 2.4557308
2.2048637 1.6314451
3.6505574 3.796576
3.6480332 3.7035272
3.7837756 3.2395015
2.6082668 4.0811422
1.3716864 3.1715582
4.0385401 5.0836734
3.2168301 3.3651848
2.5141598 4.5283262
3.9155397 4.2275471
3.6390965 5.8985609
2.4321457 0.4260787
3.5721824 1.9750453
3.268968 4.5825998
2.9919384 4.7007
0.85841807 2.7551554
1.9790705 -0.35624561
2.4000618 2.6290212
4.1209017 4.3911491
3.098435 2.7929934
3.2103443 4.670574
2.2512459 4.1801314
1.7218938 2.1130965
3.593253 1.4220162
3.6528426 3.9454354
2.3288042 4.1019824
2.2018291 2.6439807
2.2234554 1.1075631
2.745145 3.4905744
3.9584512 3.7017569
3.2329492 2.706444
